0.3384358289305578 1458.436044847292 1.1904744262490747 0 0.5785452813582355
0.7505416165872674 1450.795611643612 19.998938906244305 0 0.5673272588945266
0.2486772533735547 1396.0324866308206 15.960268638149984 0 0.6095908428793912
0.4530670968110189 1375.6648469324007 10.234520570410812 0 0.935893209331589
0.17318193758411615 1348.628817911898 7.142202634534717 0 0.9999716660891147
0.06078439550742851 1342.2351985681712 9.46992677963169 0 0.9995823863499637
0.052659181751037114 1324.6026852606933 19.886738270388474 0 0.21191911528988971
0.022219702812939505 1307.052936384716 2.7371950985762963 0 0.9489186694172875
0.45422289587850884 1285.3346004630773 19.579477568970415 0 0.6038050462985551
0.2122939926120768 1253.5193317597482 16.62098137577154 0 0.056770620612431266
0.0909921828391592 1231.4741002440283 19.993912390798666 0 0.8832493728682005
4.255925066720679e-06 1226.4513065161088 1.3823802960948282 0 0.0369072966164547
0.04865709158381386 1216.8501343534344 18.406130973422425 0 0.008175655399928206
0.031009441995065758 1163.14755443352 15.097470357729593 0 0.9611415409784777
0.19778732537735413 1130.6356253300726 8.803330299686795 0 0.39520079395140617
0.1413441308917674 1116.6630258327339 11.745508428899392 0 0.034266461256018954
0.399316255261917 1094.716586483563 9.297491007140316 0 0.9096560298401666
0.2745802671898797 1069.8492879840442 15.341316686118512 0 0.9999900547954192
0.6221737311572209 1051.0457648052984 7.686345563081025 0 0.18767609867843804
0.17247276284443452 1042.6124501765014 13.798913203303599 0 0.44015068385576905
0.967486356479247 1025.4831002871315 9.838348467765998 0 0.6669701920558339
0.24836267753719662 1004.4526231481959 19.44643310643289 0 0.07182465131714438
