0.06741755528577412 1008.2416669332438 8.137535760277135 0 0.5397122769101488
0.18709473702007634 1014.9294837387964 8.452169693600453 0 0.7675074404416122
0.6801704998268945 1045.803833230375 7.118492297575478 0 0.9794454140728994
0.7173711932677732 1066.1809270769243 6.536896218063714 0 0.6033064546220117
0.768736254821881 1076.1195607624843 8.040445284250133 0 0.957231564706288
0.5588745707083769 1117.8082648515654 9.225896352060447 0 0.9999995732985532
0.0002572716933577968 1131.3227188537408 1.8060550565246225 0 0.16509432852706007
0.13058370010597473 1135.9791664696572 11.380522737870468 0 0.9796119421981806
0.21949921329741728 1157.506343027385 7.757717230296429 0 0.6821722492188409
0.03987650383095753 1179.469630056572 5.9326405993761915 0 0.612250773710104
0.018401568233291844 1187.32864260998 9.064574735577763 0 0.1518061144166185
0.017287822926406016 1222.7058028435333 7.284289873486763 0 0.3317451545956922
0.042269722518643145 1237.5000085484303 12.000843970399277 0 0.9999855691001834
0.030215271972079814 1249.5049012085542 9.27742438067094 0 0.006215212222464961
0.10096535479064563 1260.4230110701328 8.517051715325994 0 0.03425484934129269
0.08363948864392448 1274.7697874987111 14.036634971880178 0 0.9792377581011684
0.4729750036497657 1288.6716021259845 7.519247114473898 0 0.978209621988922
0.26501521346097945 1309.6323954202524 6.303923273362916 0 0.8834374188813415
0.6370241135129071 1317.952330211488 9.339219650251362 0 0.5169937825532391
0.036596407576128566 1343.318153665045 16.464822720220027 0 0.9264313262165103
0.025163501686574843 1352.2987005457287 6.04049578874665 0 0.055912511030298484
0.06628819229756419 1365.6759643045636 12.913281751732521 0 0.7287630584587168
0.06406650926024046 1371.2505721298483 1.986308629780283 0 0.0012409393583673323
0.13002998459603887 1381.6076391327138 3.2035633509530714 0 0.02457554750326485
0.07696486746417637 1385.7500317246468 2.0897537560972923 0 0.818092785181862
0.4425333598588789 1413.1851613689498 12.120363426695974 0 0.682888335961775
0.775368081201502 1433.1489415071105 6.691266920121887 0 0.5511404874901648
0.05768959189034523 1453.9909528269418 5.213462233360238 0 0.9865135935464706
0.02634391393453607 1454.7982853221633 9.257981985366332 0 0.9999875476569405
0.2761628901080558 1481.520157634664 7.67704374787958 0 0.7962266212924081
0.9669419862563191 1498.1012329146565 10.400967694959387 0 0.6106682315772796
0.581009985578552 1698.2279189773983 6.698184512405737 0 0.7839648674815212
0.3014487377268824 1705.96861111879 10.72175700464234 0 0.3702195145781762
