0.1436328894104127 1014.5634424480323 10.566640739474028 0 0.8777236321894317
0.08887861996206002 1031.239822653371 5.8443575685351945 0 0.47959173050221443
0.12979478322096266 1045.981843659121 7.064417427446934 0 0.154301961593658
0.19220054546260376 1065.9496782056633 6.083288044152524 0 0.5401045952092334
0.14647939859260042 1076.7577704576627 9.85671717734925 0 0.9988640711565482
0.031710535799051205 1117.6340301334646 11.518699607675584 0 0.7823491639788417
0.04619916445467482 1136.7561779756495 9.452768402341126 0 0.9747601470950291
0.1591854339225175 1156.4790491569856 8.915251872860384 0 0.7236915754323772
0.18177605663259874 1186.9540277291371 7.780424930817369 0 0.8181930115191269
0.00859155375569844 1222.3342626528513 5.480724017736115 0 0.0005551777472032615
0.19484378198150837 1258.3758963406756 11.280401875924033 0 0.755858643911512
0.05913908975819116 1282.8323394742656 19.993254020520308 0 0.6458567789110407
0.07103185126378549 1289.80830017036 7.236293300749753 0 0.12040575737036896
0.04426187796823214 1308.982739200566 6.246409231228737 0 0.44918170278040526
0.14833435887898705 1316.2547881675202 13.290956525822232 0 0.6762785301985874
0.05015051440224744 1332.8485140814403 4.511823896939813 0 0.8322720385804862
0.048926401998670606 1343.4202037937482 17.860076058331934 0 0.20309449617491798
0.31291289213228934 1380.0455312246406 12.44359474106549 0 0.971948754272221
0.10629047327282609 1385.3382948502947 7.08529168304879 0 0.33759524882251873
0.07734666166521616 1402.802500911563 17.531546097580026 0 0.024344110286625975
0.07884059096328556 1413.857359021747 7.333471483964914 0 0.06007111449226765
0.1222217595480371 1433.1618063742455 7.301279998549344 0 0.021624118952435434
0.6415365954783085 1455.5888201167604 9.203230574759653 0 0.565760424205549
0.30519307387760514 1481.929532797703 9.231144913643885 0 0.9483467754561461
0.6798606080258917 1501.0556993718876 9.62672167807115 0 0.20031080485777908
0.9067510358647967 1699.3165874610124 9.924327467104817 0 0.9994063496237082
